-25
25
-45
-25
20
-45
19
22.5
37.25
11
22.5
37.25
-25
5
-45
-25
14.5
44.29289245605469
-20
22.78115272521973
-21.44049072265625
30
20
-38.8518180847168
-30
11.19667148590088
-28.1287956237793
-25
-25
-45
19.5
23.61237335205078
40.13762664794922
-25
25
-15
-20
22.78115272521973
38.55950927734375
30
19.05924415588379
21.04930305480957
20
12.71884727478027
24.70993232727051
-20
25
40
-30
15
10
-29.29289245605469
14.5
40
-30
19.05924415588379
-21.04930305480957
-30
20
10
-29.29289245605469
5.5
-40
-10
25
34.75
-10
23.5
36.25
-30
15.5
22.20577049255371
20
19.05924415588379
38.95069885253906
-15
25
35
-10
25
40
-10
25
35
29.29289245605469
14.5
40
30
12.71884727478027
24.70993232727051
10.5
23.61237335205078
40.13762664794922
18.74118041992188
22.85355377197266
40.89644622802734
11.25881862640381
22.85355377197266
40.89644622802734
20
12.71884727478027
35.29006576538086
-20
25
-22.72154235839844
10.5
23.61237335205078
36.13762664794922
25
14.5
44.29289245605469
-20
15.5
-22.20577049255371
15
25
35
-27.21884727478027
22.78115272521973
-21.44049072265625
20
22.78115272521973
38.55950927734375
-20
22.78115272521973
21.44049072265625
-30
12.71884727478027
-24.70993232727051
-27.21884727478027
22.78115272521973
38.55950927734375
-10.89999961853027
23.7022705078125
36.0477294921875
30
19.05924415588379
-21.04930305480957
20
15.5
-22.20577049255371
30
15.5
-22.20577049255371
-25
5.5
-44.29289245605469
20
25
37.27845764160156
-30
20
-21.14818000793457
10.89999961853027
23.7022705078125
36.0477294921875
-19.5
24.64644622802734
39.10355377197266
-18.53412628173828
23.13639640808105
36.61360549926758
-19.10000038146973
23.7022705078125
36.0477294921875
20
12.71884727478027
-24.70993232727051
30
12.71884727478027
-24.70993232727051
20
11.19667148590088
-28.1287956237793
30
11.19667148590088
-28.1287956237793
25
19.5
-44.29289245605469
-10.5
24.64644622802734
39.10355377197266
-20
11.19667148590088
-31.8712043762207
-20
12.71884727478027
-35.29006576538086
-25
20
45
-11.46587467193604
23.13639640808105
36.61360549926758
20
11.19667148590088
-31.8712043762207
-20
25
34.75
29.29289245605469
19.5
-40
30
11.19667148590088
-31.8712043762207
11.25881862640381
22.85355377197266
36.89644622802734
-25
15
45
-19.5
24.64644622802734
35.10355377197266
-30
-25
15
-25
0
45
-30
-25
40
20
12.71884727478027
-35.29006576538086
-20
12.71884727478027
35.29006576538086
20
15.5
-37.79422760009766
20
25
40
-25
25
-22.72154235839844
-30
5
-20
20
25
-37.27845764160156
-25
25
22.72154235839844
-25
-25
45
-30
12.71884727478027
-35.29006576538086
20
25
35
-29.29289245605469
19.5
-40
-25
25
10
-20
15.5
37.79422760009766
20
25
-22.72154235839844
-25
-30
45
-25
25
40
-30
20
40
-30
15
40
19.5
24.64644622802734
39.10355377197266
-20
25
22.72154235839844
20
19.05924415588379
-38.95069885253906
30
19.05924415588379
-38.95069885253906
20
22.78115272521973
-38.55950927734375
-20
22.78115272521973
-38.55950927734375
25
25
-45
25
20
-45
20
19.05924415588379
21.04930305480957
-30
20
-15
25
5
-45
25
5.5
-44.29289245605469
-30
19.05924415588379
21.04930305480957
20
19.05924415588379
-21.04930305480957
27.21884727478027
22.78115272521973
-38.55950927734375
25
-25
-45
25
25
-40
30
20
-40
-20
19.05924415588379
21.04930305480957
-11.25881862640381
22.85355377197266
36.89644622802734
30
5
-40
25
25
22.72154235839844
30
20
21.14818000793457
-25
19.5
-44.29289245605469
-20
12.71884727478027
24.70993232727051
30
-25
-40
25
-30
-40
20
23.5
41.5
-30
12.71884727478027
24.70993232727051
10
23.5
41.5
30
19.05924415588379
38.95069885253906
-30
20
21.14818000793457
19
22.5
42.5
-20
19.05924415588379
38.95069885253906
29.29289245605469
5.5
-40
11
22.5
42.5
-25
25
37.27845764160156
-18.74118041992188
22.85355377197266
36.89644622802734
-30
20
-38.8518180847168
-30
11.19667148590088
28.1287956237793
-10
23.5
41.5
-27.21884727478027
22.78115272521973
21.44049072265625
30
11.19667148590088
31.8712043762207
-20
23.5
41.5
-27.21884727478027
22.78115272521973
-38.55950927734375
-30
11.19667148590088
31.8712043762207
-20
25
-37.27845764160156
20
15.5
22.20577049255371
-25
-30
15
-30
-15
-15
30
12.71884727478027
35.29006576538086
-30
15.5
-22.20577049255371
-20
12.71884727478027
-24.70993232727051
10
25
40
10
25
35
30
5
-20
-30
12.71884727478027
35.29006576538086
-30
15.5
37.79422760009766
25
25
-37.27845764160156
25
25
-22.72154235839844
-25
0.5
44.29289245605469
-29.29289245605469
0.5
40
25
25
-15
30
20
-15
27.21884727478027
22.78115272521973
-21.44049072265625
30
20
-21.14818000793457
10.5
24.64644622802734
39.10355377197266
30
0
-15
-30
0
-15
30
-15
-15
-30
19.05924415588379
38.95069885253906
-20
25
37.27845764160156
18.74118041992188
22.85355377197266
36.89644622802734
-20
11.19667148590088
28.1287956237793
30
-20
-10
30
-25
-10
25
-30
-10
-25
25
-40
-30
20
-40
-10.5
24.64644622802734
35.10355377197266
25
25
10
30
20
10
30
15
10
-20
25
35
-10.5
23.61237335205078
36.13762664794922
-30
10
15
30
10
15
-20
15.5
22.20577049255371
30
0
15
-19.5
23.61237335205078
36.13762664794922
-30
5
-40
-30
-25
-40
30
-25
15
25
-30
15
20
22.78115272521973
21.44049072265625
-25
-30
-10
-10.89999961853027
24.36360359191895
39.38639450073242
-10.89999961853027
23.7022705078125
40.0477294921875
-19.10000038146973
23.7022705078125
40.0477294921875
-25
-30
-40
-10.5
23.61237335205078
40.13762664794922
-19.5
23.61237335205078
40.13762664794922
-11.25881862640381
22.85355377197266
40.89644622802734
30
11.19667148590088
28.1287956237793
20
25
22.72154235839844
-11.46587467193604
23.13639640808105
40.61360549926758
-18.53412628173828
23.13639640808105
40.61360549926758
-20
11.19667148590088
31.8712043762207
-18.74118041992188
22.85355377197266
40.89644622802734
10.89999961853027
24.36360359191895
39.38639450073242
-30
0
15
30
12.71884727478027
-35.29006576538086
29.29289245605469
0.5
40
10.89999961853027
24.36360359191895
35.38639450073242
-20
19.05924415588379
-21.04930305480957
-30
20
38.8518180847168
19.10000038146973
24.36360359191895
39.38639450073242
19.10000038146973
23.7022705078125
40.0477294921875
10.89999961853027
23.7022705078125
40.0477294921875
-25
25
-37.27845764160156
25
25
37.27845764160156
19.10000038146973
24.36360359191895
35.38639450073242
19.10000038146973
23.7022705078125
36.0477294921875
-30
-20
-10
18.53412628173828
23.13639640808105
40.61360549926758
11.46587467193604
23.13639640808105
40.61360549926758
-19.10000038146973
24.36360359191895
39.38639450073242
20
11.19667148590088
31.8712043762207
27.21884727478027
22.78115272521973
21.44049072265625
25
25
40
30
20
40
30
15
40
10
23.5
36.25
-30
15.5
-37.79422760009766
30
0
40
5
-30
-10
5
-30
15
20
11.19667148590088
28.1287956237793
30
-25
40
-5
-30
-10
25
20
45
25
15
45
-20
19.05924415588379
-38.95069885253906
20
22.78115272521973
-21.44049072265625
25
0
45
-20
11.19667148590088
-28.1287956237793
-11
22.5
42.5
-30
11.19667148590088
-31.8712043762207
25
-25
45
25
-30
45
18.53412628173828
23.13639640808105
36.61360549926758
30
20
38.8518180847168
-19
22.5
42.5
10
25
34.75
-10.89999961853027
24.36360359191895
35.38639450073242
-20
23.5
36.25
-11
22.5
37.25
-19
22.5
37.25
-5
-30
15
-30
-25
-10
25
0.5
44.29289245605469
-20
15.5
-37.79422760009766
30
15.5
37.79422760009766
11.46587467193604
23.13639640808105
36.61360549926758
20
15.5
37.79422760009766
10.5
24.64644622802734
35.10355377197266
-30
19.05924415588379
-38.95069885253906
19.5
24.64644622802734
35.10355377197266
30
15.5
22.20577049255371
30
15.5
-37.79422760009766
-19.10000038146973
24.36360359191895
35.38639450073242
27.21884727478027
22.78115272521973
38.55950927734375
20
25
34.75
20
23.5
36.25
-30
0
40
19.5
23.61237335205078
36.13762664794922
21
26
-30
21
28
-30
31
28
-30
31
26
-30
21
25.48127365112305
-27.55957984924316
21
27.30836296081543
-26.74610710144043
31
27.30836296081543
-26.74610710144043
31
25.48127365112305
-27.55957984924316
21
24.01478385925293
-25.5411319732666
21
25.3530445098877
-24.05484199523926
31
25.3530445098877
-24.05484199523926
31
24.01478385925293
-25.5411319732666
21
21.85410118103027
-24.29366111755371
21
22.47213554382324
-22.39154815673828
31
22.47213554382324
-22.39154815673828
31
21.85410118103027
-24.29366111755371
21
19.37282943725586
-24.03286933898926
21
19.16377258300781
-22.04382514953613
31
19.16377258300781
-22.04382514953613
31
19.37282943725586
-24.03286933898926
21
17
-24.80384826660156
21
16
-23.07179641723633
31
16
-23.07179641723633
31
17
-24.80384826660156
21
15.14589786529541
-26.47328758239746
21
13.52786445617676
-25.2977180480957
31
13.52786445617676
-25.2977180480957
31
15.14589786529541
-26.47328758239746
21
14.13111400604248
-28.75252914428711
21
12.17481899261475
-28.33670616149902
31
12.17481899261475
-28.33670616149902
31
14.13111400604248
-28.75252914428711
21
14.13111400604248
-31.24747085571289
21
12.17481899261475
-31.66329383850098
31
12.17481899261475
-31.66329383850098
31
14.13111400604248
-31.24747085571289
21
15.14589786529541
-33.52671051025391
21
13.52786445617676
-34.7022819519043
31
13.52786445617676
-34.7022819519043
31
15.14589786529541
-33.52671051025391
21
17
-35.19615173339844
21
16
-36.92820358276367
31
16
-36.92820358276367
31
17
-35.19615173339844
21
19.37282943725586
-35.96713256835938
21
19.16377258300781
-37.9561767578125
31
19.16377258300781
-37.9561767578125
31
19.37282943725586
-35.96713256835938
21
21.85410118103027
-35.70634078979492
21
22.47213554382324
-37.60845184326172
31
22.47213554382324
-37.60845184326172
31
21.85410118103027
-35.70634078979492
21
24.01478385925293
-34.45886993408203
21
25.3530445098877
-35.94515991210938
31
25.3530445098877
-35.94515991210938
31
24.01478385925293
-34.45886993408203
21
25.48127365112305
-32.4404182434082
21
27.30836296081543
-33.2538948059082
31
27.30836296081543
-33.2538948059082
31
25.48127365112305
-32.4404182434082
30.48702621459961
27.78745651245117
-33.46720123291016
21.51297378540039
28.52443313598633
-30
30.48702621459961
28.52443313598633
-30
21.51297378540039
27.78745651245117
-26.53280067443848
30.48702621459961
27.78745651245117
-26.53280067443848
21.51297378540039
25.70395851135254
-23.66511154174805
30.48702621459961
25.70395851135254
-23.66511154174805
21.51297378540039
22.63419532775879
-21.89278221130371
30.48702621459961
22.63419532775879
-21.89278221130371
21.51297378540039
19.10895347595215
-21.52226448059082
30.48702621459961
19.10895347595215
-21.52226448059082
21.51297378540039
15.73778343200684
-22.61762428283691
30.48702621459961
15.73778343200684
-22.61762428283691
21.51297378540039
13.10358905792236
-24.98946380615234
30.48702621459961
13.10358905792236
-24.98946380615234
21.51297378540039
11.66184616088867
-28.22767066955566
30.48702621459961
11.66184616088867
-28.22767066955566
21.51297378540039
11.66184616088867
-31.77232933044434
30.48702621459961
11.66184616088867
-31.77232933044434
21.51297378540039
13.10358905792236
-35.01053619384766
30.48702621459961
13.10358905792236
-35.01053619384766
21.51297378540039
15.73778343200684
-37.38237762451172
30.48702621459961
15.73778343200684
-37.38237762451172
21.51297378540039
19.10895347595215
-38.47773361206055
30.48702621459961
19.10895347595215
-38.47773361206055
21.51297378540039
22.63419532775879
-38.10721588134766
30.48702621459961
22.63419532775879
-38.10721588134766
21.51297378540039
25.70395851135254
-36.33488845825195
30.48702621459961
25.70395851135254
-36.33488845825195
21.51297378540039
27.78745651245117
-33.46720123291016
21.4308967590332
25.07883453369141
-32.2612419128418
30.5691032409668
25.55947685241699
-30
21.4308967590332
25.55947685241699
-30
30.5691032409668
25.07883453369141
-27.7387580871582
21.4308967590332
25.07883453369141
-27.7387580871582
30.5691032409668
23.72001647949219
-25.86850357055664
21.4308967590332
23.72001647949219
-25.86850357055664
30.5691032409668
21.71797180175781
-24.71262359619141
21.4308967590332
21.71797180175781
-24.71262359619141
30.5691032409668
19.41887664794922
-24.47097969055176
21.4308967590332
19.41887664794922
-24.47097969055176
30.5691032409668
17.22026252746582
-25.18535232543945
21.4308967590332
17.22026252746582
-25.18535232543945
30.5691032409668
15.50228881835938
-26.73222160339355
21.4308967590332
15.50228881835938
-26.73222160339355
30.5691032409668
14.56201171875
-28.84412002563477
21.4308967590332
14.56201171875
-28.84412002563477
30.5691032409668
14.56201171875
-31.15587997436523
21.4308967590332
14.56201171875
-31.15587997436523
30.5691032409668
15.50228881835938
-33.26777648925781
21.4308967590332
15.50228881835938
-33.26777648925781
30.5691032409668
17.22026252746582
-34.81464767456055
21.4308967590332
17.22026252746582
-34.81464767456055
30.5691032409668
19.41887664794922
-35.52902221679688
21.4308967590332
19.41887664794922
-35.52902221679688
30.5691032409668
21.71797180175781
-35.28737640380859
21.4308967590332
21.71797180175781
-35.28737640380859
30.5691032409668
23.72001647949219
-34.13149642944336
21.4308967590332
23.72001647949219
-34.13149642944336
30.5691032409668
25.07883453369141
-32.2612419128418
28.5
20.41601753234863
-31.95569801330566
28.5
20.57289886474609
-31.91713333129883
28.5
20.75053596496582
-31.85503196716309
28.5
20.81265258789062
-31.82649421691895
29.5
24.22586631774902
-34.30633926391602
29.5
25.40143585205078
-32.68830490112305
28.5
21.98891448974609
-30.20896339416504
28.5
21.99049949645996
-30.19674873352051
28.5
22
-30
28.5
21.99049949645996
-29.80325126647949
28.5
21.98873519897461
-29.79116821289062
29.5
25.40143585205078
-27.31169509887695
29.5
24.22586631774902
-25.69366073608398
28.5
20.81282424926758
-28.17337989807129
28.5
20.69218254089355
-28.12247085571289
28.5
20.51203155517578
-28.06582260131836
28.5
20.41641807556152
-28.04553413391113
29.5
19.11240577697754
-24.03219604492188
29.5
17.21029281616211
-24.65023040771484
28.5
18.51358032226562
-28.66133689880371
28.5
18.50090026855469
-28.67441177368164
28.5
18.38528060913086
-28.81792068481445
28.5
18.2830810546875
-28.97191047668457
28.5
18.26799011230469
-29
29.5
14.05000019073486
-29
29.5
14.05000019073486
-31
28.5
18.26905632019043
-31
28.5
18.31560134887695
-31.08053016662598
28.5
18.42237281799316
-31.23112487792969
28.5
18.51385688781738
-31.33780860900879
29.5
17.21029281616211
-35.34976959228516
29.5
19.11240577697754
-35.96780395507812
26.5
20.41601753234863
-31.95569801330566
26.5
20.57289886474609
-31.91713333129883
26.5
20.75053596496582
-31.85503196716309
26.5
20.81265258789062
-31.82649421691895
27.5
24.22586631774902
-34.30633926391602
27.5
25.40143585205078
-32.68830490112305
26.5
21.98891448974609
-30.20896339416504
26.5
21.99049949645996
-30.19674873352051
26.5
22
-30
26.5
21.99049949645996
-29.80325126647949
26.5
21.98873519897461
-29.79116821289062
27.5
25.40143585205078
-27.31169509887695
27.5
24.22586631774902
-25.69366073608398
26.5
20.81282424926758
-28.17337989807129
26.5
20.69218254089355
-28.12247085571289
26.5
20.51203155517578
-28.06582260131836
26.5
20.41641807556152
-28.04553413391113
27.5
19.11240577697754
-24.03219604492188
27.5
17.21029281616211
-24.65023040771484
26.5
18.51358032226562
-28.66133689880371
26.5
18.50090026855469
-28.67441177368164
26.5
18.38528060913086
-28.81792068481445
26.5
18.2830810546875
-28.97191047668457
26.5
18.26799011230469
-29
27.5
14.05000019073486
-29
27.5
14.05000019073486
-31
26.5
18.26905632019043
-31
26.5
18.31560134887695
-31.08053016662598
26.5
18.42237281799316
-31.23112487792969
26.5
18.51385688781738
-31.33780860900879
27.5
17.21029281616211
-35.34976959228516
27.5
19.11240577697754
-35.96780395507812
-21
26
-30
-21
28
-30
-31
28
-30
-31
26
-30
-21
25.48127365112305
-27.55957984924316
-21
27.30836296081543
-26.74610710144043
-31
27.30836296081543
-26.74610710144043
-31
25.48127365112305
-27.55957984924316
-21
24.01478385925293
-25.5411319732666
-21
25.3530445098877
-24.05484199523926
-31
25.3530445098877
-24.05484199523926
-31
24.01478385925293
-25.5411319732666
-21
21.85410118103027
-24.29366111755371
-21
22.47213554382324
-22.39154815673828
-31
22.47213554382324
-22.39154815673828
-31
21.85410118103027
-24.29366111755371
-21
19.37282943725586
-24.03286933898926
-21
19.16377258300781
-22.04382514953613
-31
19.16377258300781
-22.04382514953613
-31
19.37282943725586
-24.03286933898926
-21
17
-24.80384826660156
-21
16
-23.07179641723633
-31
16
-23.07179641723633
-31
17
-24.80384826660156
-21
15.14589786529541
-26.47328758239746
-21
13.52786445617676
-25.2977180480957
-31
13.52786445617676
-25.2977180480957
-31
15.14589786529541
-26.47328758239746
-21
14.13111400604248
-28.75252914428711
-21
12.17481899261475
-28.33670616149902
-31
12.17481899261475
-28.33670616149902
-31
14.13111400604248
-28.75252914428711
-21
14.13111400604248
-31.24747085571289
-21
12.17481899261475
-31.66329383850098
-31
12.17481899261475
-31.66329383850098
-31
14.13111400604248
-31.24747085571289
-21
15.14589786529541
-33.52671051025391
-21
13.52786445617676
-34.7022819519043
-31
13.52786445617676
-34.7022819519043
-31
15.14589786529541
-33.52671051025391
-21
17
-35.19615173339844
-21
16
-36.92820358276367
-31
16
-36.92820358276367
-31
17
-35.19615173339844
-21
19.37282943725586
-35.96713256835938
-21
19.16377258300781
-37.9561767578125
-31
19.16377258300781
-37.9561767578125
-31
19.37282943725586
-35.96713256835938
-21
21.85410118103027
-35.70634078979492
-21
22.47213554382324
-37.60845184326172
-31
22.47213554382324
-37.60845184326172
-31
21.85410118103027
-35.70634078979492
-21
24.01478385925293
-34.45886993408203
-21
25.3530445098877
-35.94515991210938
-31
25.3530445098877
-35.94515991210938
-31
24.01478385925293
-34.45886993408203
-21
25.48127365112305
-32.4404182434082
-21
27.30836296081543
-33.2538948059082
-31
27.30836296081543
-33.2538948059082
-31
25.48127365112305
-32.4404182434082
-30.48702621459961
27.78745651245117
-33.46720123291016
-21.51297378540039
28.52443313598633
-30
-30.48702621459961
28.52443313598633
-30
-21.51297378540039
27.78745651245117
-26.53280067443848
-30.48702621459961
27.78745651245117
-26.53280067443848
-21.51297378540039
25.70395851135254
-23.66511154174805
-30.48702621459961
25.70395851135254
-23.66511154174805
-21.51297378540039
22.63419532775879
-21.89278221130371
-30.48702621459961
22.63419532775879
-21.89278221130371
-21.51297378540039
19.10895347595215
-21.52226448059082
-30.48702621459961
19.10895347595215
-21.52226448059082
-21.51297378540039
15.73778343200684
-22.61762428283691
-30.48702621459961
15.73778343200684
-22.61762428283691
-21.51297378540039
13.10358905792236
-24.98946380615234
-30.48702621459961
13.10358905792236
-24.98946380615234
-21.51297378540039
11.66184616088867
-28.22767066955566
-30.48702621459961
11.66184616088867
-28.22767066955566
-21.51297378540039
11.66184616088867
-31.77232933044434
-30.48702621459961
11.66184616088867
-31.77232933044434
-21.51297378540039
13.10358905792236
-35.01053619384766
-30.48702621459961
13.10358905792236
-35.01053619384766
-21.51297378540039
15.73778343200684
-37.38237762451172
-30.48702621459961
15.73778343200684
-37.38237762451172
-21.51297378540039
19.10895347595215
-38.47773361206055
-30.48702621459961
19.10895347595215
-38.47773361206055
-21.51297378540039
22.63419532775879
-38.10721588134766
-30.48702621459961
22.63419532775879
-38.10721588134766
-21.51297378540039
25.70395851135254
-36.33488845825195
-30.48702621459961
25.70395851135254
-36.33488845825195
-21.51297378540039
27.78745651245117
-33.46720123291016
-21.4308967590332
25.07883453369141
-32.2612419128418
-30.5691032409668
25.55947685241699
-30
-21.4308967590332
25.55947685241699
-30
-30.5691032409668
25.07883453369141
-27.7387580871582
-21.4308967590332
25.07883453369141
-27.7387580871582
-30.5691032409668
23.72001647949219
-25.86850357055664
-21.4308967590332
23.72001647949219
-25.86850357055664
-30.5691032409668
21.71797180175781
-24.71262359619141
-21.4308967590332
21.71797180175781
-24.71262359619141
-30.5691032409668
19.41887664794922
-24.47097969055176
-21.4308967590332
19.41887664794922
-24.47097969055176
-30.5691032409668
17.22026252746582
-25.18535232543945
-21.4308967590332
17.22026252746582
-25.18535232543945
-30.5691032409668
15.50228881835938
-26.73222160339355
-21.4308967590332
15.50228881835938
-26.73222160339355
-30.5691032409668
14.56201171875
-28.84412002563477
-21.4308967590332
14.56201171875
-28.84412002563477
-30.5691032409668
14.56201171875
-31.15587997436523
-21.4308967590332
14.56201171875
-31.15587997436523
-30.5691032409668
15.50228881835938
-33.26777648925781
-21.4308967590332
15.50228881835938
-33.26777648925781
-30.5691032409668
17.22026252746582
-34.81464767456055
-21.4308967590332
17.22026252746582
-34.81464767456055
-30.5691032409668
19.41887664794922
-35.52902221679688
-21.4308967590332
19.41887664794922
-35.52902221679688
-30.5691032409668
21.71797180175781
-35.28737640380859
-21.4308967590332
21.71797180175781
-35.28737640380859
-30.5691032409668
23.72001647949219
-34.13149642944336
-21.4308967590332
23.72001647949219
-34.13149642944336
-30.5691032409668
25.07883453369141
-32.2612419128418
-28.5
20.41601753234863
-31.95569801330566
-28.5
20.57289886474609
-31.91713333129883
-28.5
20.75053596496582
-31.85503196716309
-28.5
20.81265258789062
-31.82649421691895
-29.5
24.22586631774902
-34.30633926391602
-29.5
25.40143585205078
-32.68830490112305
-28.5
21.98891448974609
-30.20896339416504
-28.5
21.99049949645996
-30.19674873352051
-28.5
22
-30
-28.5
21.99049949645996
-29.80325126647949
-28.5
21.98873519897461
-29.79116821289062
-29.5
25.40143585205078
-27.31169509887695
-29.5
24.22586631774902
-25.69366073608398
-28.5
20.81282424926758
-28.17337989807129
-28.5
20.69218254089355
-28.12247085571289
-28.5
20.51203155517578
-28.06582260131836
-28.5
20.41641807556152
-28.04553413391113
-29.5
19.11240577697754
-24.03219604492188
-29.5
17.21029281616211
-24.65023040771484
-28.5
18.51358032226562
-28.66133689880371
-28.5
18.50090026855469
-28.67441177368164
-28.5
18.38528060913086
-28.81792068481445
-28.5
18.2830810546875
-28.97191047668457
-28.5
18.26799011230469
-29
-29.5
14.05000019073486
-29
-29.5
14.05000019073486
-31
-28.5
18.26905632019043
-31
-28.5
18.31560134887695
-31.08053016662598
-28.5
18.42237281799316
-31.23112487792969
-28.5
18.51385688781738
-31.33780860900879
-29.5
17.21029281616211
-35.34976959228516
-29.5
19.11240577697754
-35.96780395507812
-26.5
20.41601753234863
-31.95569801330566
-26.5
20.57289886474609
-31.91713333129883
-26.5
20.75053596496582
-31.85503196716309
-26.5
20.81265258789062
-31.82649421691895
-27.5
24.22586631774902
-34.30633926391602
-27.5
25.40143585205078
-32.68830490112305
-26.5
21.98891448974609
-30.20896339416504
-26.5
21.99049949645996
-30.19674873352051
-26.5
22
-30
-26.5
21.99049949645996
-29.80325126647949
-26.5
21.98873519897461
-29.79116821289062
-27.5
25.40143585205078
-27.31169509887695
-27.5
24.22586631774902
-25.69366073608398
-26.5
20.81282424926758
-28.17337989807129
-26.5
20.69218254089355
-28.12247085571289
-26.5
20.51203155517578
-28.06582260131836
-26.5
20.41641807556152
-28.04553413391113
-27.5
19.11240577697754
-24.03219604492188
-27.5
17.21029281616211
-24.65023040771484
-26.5
18.51358032226562
-28.66133689880371
-26.5
18.50090026855469
-28.67441177368164
-26.5
18.38528060913086
-28.81792068481445
-26.5
18.2830810546875
-28.97191047668457
-26.5
18.26799011230469
-29
-27.5
14.05000019073486
-29
-27.5
14.05000019073486
-31
-26.5
18.26905632019043
-31
-26.5
18.31560134887695
-31.08053016662598
-26.5
18.42237281799316
-31.23112487792969
-26.5
18.51385688781738
-31.33780860900879
-27.5
17.21029281616211
-35.34976959228516
-27.5
19.11240577697754
-35.96780395507812
21
26
30
21
28
30
31
28
30
31
26
30
21
25.48127365112305
32.4404182434082
21
27.30836296081543
33.2538948059082
31
27.30836296081543
33.2538948059082
31
25.48127365112305
32.4404182434082
21
24.01478385925293
34.45886993408203
21
25.3530445098877
35.94515991210938
31
25.3530445098877
35.94515991210938
31
24.01478385925293
34.45886993408203
21
21.85410118103027
35.70634078979492
21
22.47213554382324
37.60845184326172
31
22.47213554382324
37.60845184326172
31
21.85410118103027
35.70634078979492
21
19.37282943725586
35.96713256835938
21
19.16377258300781
37.9561767578125
31
19.16377258300781
37.9561767578125
31
19.37282943725586
35.96713256835938
21
17
35.19615173339844
21
16
36.92820358276367
31
16
36.92820358276367
31
17
35.19615173339844
21
15.14589786529541
33.52671051025391
21
13.52786445617676
34.7022819519043
31
13.52786445617676
34.7022819519043
31
15.14589786529541
33.52671051025391
21
14.13111400604248
31.24747085571289
21
12.17481899261475
31.66329383850098
31
12.17481899261475
31.66329383850098
31
14.13111400604248
31.24747085571289
21
14.13111400604248
28.75252914428711
21
12.17481899261475
28.33670616149902
31
12.17481899261475
28.33670616149902
31
14.13111400604248
28.75252914428711
21
15.14589786529541
26.47328758239746
21
13.52786445617676
25.2977180480957
31
13.52786445617676
25.2977180480957
31
15.14589786529541
26.47328758239746
21
17
24.80384826660156
21
16
23.07179641723633
31
16
23.07179641723633
31
17
24.80384826660156
21
19.37282943725586
24.03286933898926
21
19.16377258300781
22.04382514953613
31
19.16377258300781
22.04382514953613
31
19.37282943725586
24.03286933898926
21
21.85410118103027
24.29366111755371
21
22.47213554382324
22.39154815673828
31
22.47213554382324
22.39154815673828
31
21.85410118103027
24.29366111755371
21
24.01478385925293
25.5411319732666
21
25.3530445098877
24.05484199523926
31
25.3530445098877
24.05484199523926
31
24.01478385925293
25.5411319732666
21
25.48127365112305
27.55957984924316
21
27.30836296081543
26.74610710144043
31
27.30836296081543
26.74610710144043
31
25.48127365112305
27.55957984924316
30.48702621459961
27.78745651245117
26.53280067443848
21.51297378540039
28.52443313598633
30
30.48702621459961
28.52443313598633
30
21.51297378540039
27.78745651245117
33.46720123291016
30.48702621459961
27.78745651245117
33.46720123291016
21.51297378540039
25.70395851135254
36.33488845825195
30.48702621459961
25.70395851135254
36.33488845825195
21.51297378540039
22.63419532775879
38.10721588134766
30.48702621459961
22.63419532775879
38.10721588134766
21.51297378540039
19.10895347595215
38.47773361206055
30.48702621459961
19.10895347595215
38.47773361206055
21.51297378540039
15.73778343200684
37.38237762451172
30.48702621459961
15.73778343200684
37.38237762451172
21.51297378540039
13.10358905792236
35.01053619384766
30.48702621459961
13.10358905792236
35.01053619384766
21.51297378540039
11.66184616088867
31.77232933044434
30.48702621459961
11.66184616088867
31.77232933044434
21.51297378540039
11.66184616088867
28.22767066955566
30.48702621459961
11.66184616088867
28.22767066955566
21.51297378540039
13.10358905792236
24.98946380615234
30.48702621459961
13.10358905792236
24.98946380615234
21.51297378540039
15.73778343200684
22.61762428283691
30.48702621459961
15.73778343200684
22.61762428283691
21.51297378540039
19.10895347595215
21.52226448059082
30.48702621459961
19.10895347595215
21.52226448059082
21.51297378540039
22.63419532775879
21.89278221130371
30.48702621459961
22.63419532775879
21.89278221130371
21.51297378540039
25.70395851135254
23.66511154174805
30.48702621459961
25.70395851135254
23.66511154174805
21.51297378540039
27.78745651245117
26.53280067443848
21.4308967590332
25.07883453369141
27.7387580871582
30.5691032409668
25.55947685241699
30
21.4308967590332
25.55947685241699
30
30.5691032409668
25.07883453369141
32.2612419128418
21.4308967590332
25.07883453369141
32.2612419128418
30.5691032409668
23.72001647949219
34.13149642944336
21.4308967590332
23.72001647949219
34.13149642944336
30.5691032409668
21.71797180175781
35.28737640380859
21.4308967590332
21.71797180175781
35.28737640380859
30.5691032409668
19.41887664794922
35.52902221679688
21.4308967590332
19.41887664794922
35.52902221679688
30.5691032409668
17.22026252746582
34.81464767456055
21.4308967590332
17.22026252746582
34.81464767456055
30.5691032409668
15.50228881835938
33.26777648925781
21.4308967590332
15.50228881835938
33.26777648925781
30.5691032409668
14.56201171875
31.15587997436523
21.4308967590332
14.56201171875
31.15587997436523
30.5691032409668
14.56201171875
28.84412002563477
21.4308967590332
14.56201171875
28.84412002563477
30.5691032409668
15.50228881835938
26.73222160339355
21.4308967590332
15.50228881835938
26.73222160339355
30.5691032409668
17.22026252746582
25.18535232543945
21.4308967590332
17.22026252746582
25.18535232543945
30.5691032409668
19.41887664794922
24.47097969055176
21.4308967590332
19.41887664794922
24.47097969055176
30.5691032409668
21.71797180175781
24.71262359619141
21.4308967590332
21.71797180175781
24.71262359619141
30.5691032409668
23.72001647949219
25.86850357055664
21.4308967590332
23.72001647949219
25.86850357055664
30.5691032409668
25.07883453369141
27.7387580871582
28.5
20.41601753234863
28.04430198669434
28.5
20.57289886474609
28.08286666870117
28.5
20.75053596496582
28.14496803283691
28.5
20.81265258789062
28.17350578308105
29.5
24.22586631774902
25.69366073608398
29.5
25.40143585205078
27.31169509887695
28.5
21.98891448974609
29.79103660583496
28.5
21.99049949645996
29.80325126647949
28.5
22
30
28.5
21.99049949645996
30.19674873352051
28.5
21.98873519897461
30.20883178710938
29.5
25.40143585205078
32.68830490112305
29.5
24.22586631774902
34.30633926391602
28.5
20.81282424926758
31.82662010192871
28.5
20.69218254089355
31.87752914428711
28.5
20.51203155517578
31.93417739868164
28.5
20.41641807556152
31.95446586608887
29.5
19.11240577697754
35.96780395507812
29.5
17.21029281616211
35.34976959228516
28.5
18.51358032226562
31.33866310119629
28.5
18.50090026855469
31.32558822631836
28.5
18.38528060913086
31.18207931518555
28.5
18.2830810546875
31.02808952331543
28.5
18.26799011230469
31
29.5
14.05000019073486
31
29.5
14.05000019073486
29
28.5
18.26905632019043
29
28.5
18.31560134887695
28.91946983337402
28.5
18.42237281799316
28.76887512207031
28.5
18.51385688781738
28.66219139099121
29.5
17.21029281616211
24.65023040771484
29.5
19.11240577697754
24.03219604492188
26.5
20.41601753234863
28.04430198669434
26.5
20.57289886474609
28.08286666870117
26.5
20.75053596496582
28.14496803283691
26.5
20.81265258789062
28.17350578308105
27.5
24.22586631774902
25.69366073608398
27.5
25.40143585205078
27.31169509887695
26.5
21.98891448974609
29.79103660583496
26.5
21.99049949645996
29.80325126647949
26.5
22
30
26.5
21.99049949645996
30.19674873352051
26.5
21.98873519897461
30.20883178710938
27.5
25.40143585205078
32.68830490112305
27.5
24.22586631774902
34.30633926391602
26.5
20.81282424926758
31.82662010192871
26.5
20.69218254089355
31.87752914428711
26.5
20.51203155517578
31.93417739868164
26.5
20.41641807556152
31.95446586608887
27.5
19.11240577697754
35.96780395507812
27.5
17.21029281616211
35.34976959228516
26.5
18.51358032226562
31.33866310119629
26.5
18.50090026855469
31.32558822631836
26.5
18.38528060913086
31.18207931518555
26.5
18.2830810546875
31.02808952331543
26.5
18.26799011230469
31
27.5
14.05000019073486
31
27.5
14.05000019073486
29
26.5
18.26905632019043
29
26.5
18.31560134887695
28.91946983337402
26.5
18.42237281799316
28.76887512207031
26.5
18.51385688781738
28.66219139099121
27.5
17.21029281616211
24.65023040771484
27.5
19.11240577697754
24.03219604492188
-21
26
30
-21
28
30
-31
28
30
-31
26
30
-21
25.48127365112305
32.4404182434082
-21
27.30836296081543
33.2538948059082
-31
27.30836296081543
33.2538948059082
-31
25.48127365112305
32.4404182434082
-21
24.01478385925293
34.45886993408203
-21
25.3530445098877
35.94515991210938
-31
25.3530445098877
35.94515991210938
-31
24.01478385925293
34.45886993408203
-21
21.85410118103027
35.70634078979492
-21
22.47213554382324
37.60845184326172
-31
22.47213554382324
37.60845184326172
-31
21.85410118103027
35.70634078979492
-21
19.37282943725586
35.96713256835938
-21
19.16377258300781
37.9561767578125
-31
19.16377258300781
37.9561767578125
-31
19.37282943725586
35.96713256835938
-21
17
35.19615173339844
-21
16
36.92820358276367
-31
16
36.92820358276367
-31
17
35.19615173339844
-21
15.14589786529541
33.52671051025391
-21
13.52786445617676
34.7022819519043
-31
13.52786445617676
34.7022819519043
-31
15.14589786529541
33.52671051025391
-21
14.13111400604248
31.24747085571289
-21
12.17481899261475
31.66329383850098
-31
12.17481899261475
31.66329383850098
-31
14.13111400604248
31.24747085571289
-21
14.13111400604248
28.75252914428711
-21
12.17481899261475
28.33670616149902
-31
12.17481899261475
28.33670616149902
-31
14.13111400604248
28.75252914428711
-21
15.14589786529541
26.47328758239746
-21
13.52786445617676
25.2977180480957
-31
13.52786445617676
25.2977180480957
-31
15.14589786529541
26.47328758239746
-21
17
24.80384826660156
-21
16
23.07179641723633
-31
16
23.07179641723633
-31
17
24.80384826660156
-21
19.37282943725586
24.03286933898926
-21
19.16377258300781
22.04382514953613
-31
19.16377258300781
22.04382514953613
-31
19.37282943725586
24.03286933898926
-21
21.85410118103027
24.29366111755371
-21
22.47213554382324
22.39154815673828
-31
22.47213554382324
22.39154815673828
-31
21.85410118103027
24.29366111755371
-21
24.01478385925293
25.5411319732666
-21
25.3530445098877
24.05484199523926
-31
25.3530445098877
24.05484199523926
-31
24.01478385925293
25.5411319732666
-21
25.48127365112305
27.55957984924316
-21
27.30836296081543
26.74610710144043
-31
27.30836296081543
26.74610710144043
-31
25.48127365112305
27.55957984924316
-30.48702621459961
27.78745651245117
26.53280067443848
-21.51297378540039
28.52443313598633
30
-30.48702621459961
28.52443313598633
30
-21.51297378540039
27.78745651245117
33.46720123291016
-30.48702621459961
27.78745651245117
33.46720123291016
-21.51297378540039
25.70395851135254
36.33488845825195
-30.48702621459961
25.70395851135254
36.33488845825195
-21.51297378540039
22.63419532775879
38.10721588134766
-30.48702621459961
22.63419532775879
38.10721588134766
-21.51297378540039
19.10895347595215
38.47773361206055
-30.48702621459961
19.10895347595215
38.47773361206055
-21.51297378540039
15.73778343200684
37.38237762451172
-30.48702621459961
15.73778343200684
37.38237762451172
-21.51297378540039
13.10358905792236
35.01053619384766
-30.48702621459961
13.10358905792236
35.01053619384766
-21.51297378540039
11.66184616088867
31.77232933044434
-30.48702621459961
11.66184616088867
31.77232933044434
-21.51297378540039
11.66184616088867
28.22767066955566
-30.48702621459961
11.66184616088867
28.22767066955566
-21.51297378540039
13.10358905792236
24.98946380615234
-30.48702621459961
13.10358905792236
24.98946380615234
-21.51297378540039
15.73778343200684
22.61762428283691
-30.48702621459961
15.73778343200684
22.61762428283691
-21.51297378540039
19.10895347595215
21.52226448059082
-30.48702621459961
19.10895347595215
21.52226448059082
-21.51297378540039
22.63419532775879
21.89278221130371
-30.48702621459961
22.63419532775879
21.89278221130371
-21.51297378540039
25.70395851135254
23.66511154174805
-30.48702621459961
25.70395851135254
23.66511154174805
-21.51297378540039
27.78745651245117
26.53280067443848
-21.4308967590332
25.07883453369141
27.7387580871582
-30.5691032409668
25.55947685241699
30
-21.4308967590332
25.55947685241699
30
-30.5691032409668
25.07883453369141
32.2612419128418
-21.4308967590332
25.07883453369141
32.2612419128418
-30.5691032409668
23.72001647949219
34.13149642944336
-21.4308967590332
23.72001647949219
34.13149642944336
-30.5691032409668
21.71797180175781
35.28737640380859
-21.4308967590332
21.71797180175781
35.28737640380859
-30.5691032409668
19.41887664794922
35.52902221679688
-21.4308967590332
19.41887664794922
35.52902221679688
-30.5691032409668
17.22026252746582
34.81464767456055
-21.4308967590332
17.22026252746582
34.81464767456055
-30.5691032409668
15.50228881835938
33.26777648925781
-21.4308967590332
15.50228881835938
33.26777648925781
-30.5691032409668
14.56201171875
31.15587997436523
-21.4308967590332
14.56201171875
31.15587997436523
-30.5691032409668
14.56201171875
28.84412002563477
-21.4308967590332
14.56201171875
28.84412002563477
-30.5691032409668
15.50228881835938
26.73222160339355
-21.4308967590332
15.50228881835938
26.73222160339355
-30.5691032409668
17.22026252746582
25.18535232543945
-21.4308967590332
17.22026252746582
25.18535232543945
-30.5691032409668
19.41887664794922
24.47097969055176
-21.4308967590332
19.41887664794922
24.47097969055176
-30.5691032409668
21.71797180175781
24.71262359619141
-21.4308967590332
21.71797180175781
24.71262359619141
-30.5691032409668
23.72001647949219
25.86850357055664
-21.4308967590332
23.72001647949219
25.86850357055664
-30.5691032409668
25.07883453369141
27.7387580871582
-28.5
20.41601753234863
28.04430198669434
-28.5
20.57289886474609
28.08286666870117
-28.5
20.75053596496582
28.14496803283691
-28.5
20.81265258789062
28.17350578308105
-29.5
24.22586631774902
25.69366073608398
-29.5
25.40143585205078
27.31169509887695
-28.5
21.98891448974609
29.79103660583496
-28.5
21.99049949645996
29.80325126647949
-28.5
22
30
-28.5
21.99049949645996
30.19674873352051
-28.5
21.98873519897461
30.20883178710938
-29.5
25.40143585205078
32.68830490112305
-29.5
24.22586631774902
34.30633926391602
-28.5
20.81282424926758
31.82662010192871
-28.5
20.69218254089355
31.87752914428711
-28.5
20.51203155517578
31.93417739868164
-28.5
20.41641807556152
31.95446586608887
-29.5
19.11240577697754
35.96780395507812
-29.5
17.21029281616211
35.34976959228516
-28.5
18.51358032226562
31.33866310119629
-28.5
18.50090026855469
31.32558822631836
-28.5
18.38528060913086
31.18207931518555
-28.5
18.2830810546875
31.02808952331543
-28.5
18.26799011230469
31
-29.5
14.05000019073486
31
-29.5
14.05000019073486
29
-28.5
18.26905632019043
29
-28.5
18.31560134887695
28.91946983337402
-28.5
18.42237281799316
28.76887512207031
-28.5
18.51385688781738
28.66219139099121
-29.5
17.21029281616211
24.65023040771484
-29.5
19.11240577697754
24.03219604492188
-26.5
20.41601753234863
28.04430198669434
-26.5
20.57289886474609
28.08286666870117
-26.5
20.75053596496582
28.14496803283691
-26.5
20.81265258789062
28.17350578308105
-27.5
24.22586631774902
25.69366073608398
-27.5
25.40143585205078
27.31169509887695
-26.5
21.98891448974609
29.79103660583496
-26.5
21.99049949645996
29.80325126647949
-26.5
22
30
-26.5
21.99049949645996
30.19674873352051
-26.5
21.98873519897461
30.20883178710938
-27.5
25.40143585205078
32.68830490112305
-27.5
24.22586631774902
34.30633926391602
-26.5
20.81282424926758
31.82662010192871
-26.5
20.69218254089355
31.87752914428711
-26.5
20.51203155517578
31.93417739868164
-26.5
20.41641807556152
31.95446586608887
-27.5
19.11240577697754
35.96780395507812
-27.5
17.21029281616211
35.34976959228516
-26.5
18.51358032226562
31.33866310119629
-26.5
18.50090026855469
31.32558822631836
-26.5
18.38528060913086
31.18207931518555
-26.5
18.2830810546875
31.02808952331543
-26.5
18.26799011230469
31
-27.5
14.05000019073486
31
-27.5
14.05000019073486
29
-26.5
18.26905632019043
29
-26.5
18.31560134887695
28.91946983337402
-26.5
18.42237281799316
28.76887512207031
-26.5
18.51385688781738
28.66219139099121
-27.5
17.21029281616211
24.65023040771484
-27.5
19.11240577697754
24.03219604492188
