112
68
60
102
s
64
71
74
239
236
235
s
101
102
105
5
2
1
s
185
21
49
5
s
235
224
79
122
127
130
124
148
27
135
241
247
138
16
92
64
s
211
216
217
212
s
220
258
52
213
s
268
270
167
3
s
71
6
155
74
s
125
246
225
226
229
183
181
177
176
117
14
263
30
198
137
145
257
s
105
106
129
115
s
1
2
173
s
229
207
255
239
s
92
93
64
s
252
132
184
250
s
251
114
132
252
s
23
179
114
251
s
22
174
179
23
s
204
208
216
211
s
34
259
257
145
s
70
33
31
36
s
167
32
33
70
s
270
11
32
167
s
262
95
11
270
s
260
161
95
262
s
211
95
161
204
s
36
31
161
260
s
184
196
53
72
s
132
203
196
184
s
114
197
203
132
s
179
195
197
114
s
174
61
195
179
s
72
53
61
174
s
191
61
53
221
s
33
220
213
31
s
32
219
220
33
s
11
212
219
32
s
84
91
244
243
s
267
262
270
268
s
253
234
190
194
121
171
230
231
188
244
91
143
s
120
110
105
115
s
108
238
159
160
46
s
26
178
166
16
27
28
s
105
110
10
5
s
227
36
260
248
s
239
255
37
236
s
236
37
29
226
s
194
10
110
121
s
186
194
190
254
s
130
4
227
124
s
127
3
4
130
s
122
268
3
127
s
79
267
268
122
s
148
248
267
79
s
262
267
248
260
s
124
227
248
148
s
138
250
67
16
s
247
252
250
138
s
241
251
252
247
s
135
23
251
241
s
27
22
23
135
s
221
265
249
191
s
131
44
210
93
92
s
103
14
117
223
189
s
174
22
67
72
s
51
19
146
43
9
242
85
228
261
133
173
185
81
163
104
s
89
77
151
152
s
198
30
15
232
s
131
92
16
166
s
75
73
143
91
s
2
118
87
173
s
173
87
21
185
s
76
66
69
206
s
43
146
38
147
s
96
178
26
28
27
148
149
39
86
199
116
175
157
154
90
82
153
111
101
1
172
214
141
35
80
12
88
83
s
139
214
172
173
133
s
223
116
199
189
s
205
73
75
269
s
118
49
21
87
s
78
76
206
264
s
46
160
158
162
150
115
112
8
98
264
206
69
59
57
48
s
243
233
229
239
s
153
109
8
112
111
s
159
154
157
158
160
s
86
50
41
25
259
34
222
232
15
142
103
189
199
s
7
35
141
100
237
256
63
62
240
147
38
209
s
116
223
117
176
175
s
266
215
224
225
246
s
235
225
224
s
68
129
106
60
s
168
202
77
89
128
13
166
178
96
42
113
182
119
s
168
119
123
134
s
137
198
232
222
s
202
168
134
140
s
193
55
265
221
s
201
54
55
193
s
63
256
228
85
s
113
42
136
126
107
s
226
29
207
229
s
74
84
243
239
s
20
17
180
205
269
94
93
210
165
152
151
140
134
123
24
107
126
s
237
100
139
133
261
s
77
202
140
151
s
194
186
10
s
240
62
242
9
s
195
192
200
197
s
213
52
208
204
s
96
83
136
42
s
235
236
226
225
s
25
41
266
246
125
s
61
191
192
195
s
82
90
238
108
47
56
58
66
76
78
97
99
s
13
44
131
166
s
128
165
210
44
13
s
263
14
103
142
s
30
263
142
15
s
18
156
155
6
s
165
128
89
152
s
24
182
113
107
s
200
65
54
201
s
80
40
51
104
12
s
37
255
207
29
s
269
156
18
94
s
136
83
88
20
126
s
48
47
108
46
s
250
184
72
67
s
192
45
65
200
s
146
19
209
38
s
141
214
139
100
s
147
240
9
43
s
150
162
164
169
170
120
115
s
233
244
188
187
s
125
257
259
25
s
90
154
159
238
s
219
245
258
220
s
1
173
172
s
258
245
217
216
208
52
s
261
228
256
237
s
93
94
71
64
s
209
19
51
40
7
s
196
193
221
53
s
120
121
110
s
203
201
193
196
s
197
200
201
203
s
170
171
121
120
s
94
18
6
71
s
74
155
156
269
s
119
182
24
123
s
5
49
118
2
s
102
60
106
105
s
212
217
245
219
s
59
58
56
57
s
69
66
58
59
s
145
137
222
34
s
10
186
185
5
s
81
185
186
254
218
144
163
s
97
98
8
109
99
s
98
97
78
264
s
62
63
85
242
s
233
243
244
s
75
91
84
s
55
54
65
45
249
265
s
115
129
68
112
s
50
215
266
41
s
75
84
74
269
s
191
249
45
192
s
16
67
22
27
s
109
153
82
99
s
229
233
187
183
s
95
211
212
11
s
31
213
204
161
s
56
47
48
57
s
4
70
36
227
s
3
167
70
4
s
7
40
80
35
s
50
79
224
215
s
101
112
102
s
101
111
112
s
171
230
231
188
244
91
143
253
234
190
194
121
s
b ld
253
143
190
234
s
104
163
205
180
17
20
s
73
205
163
144
218
254
s
143
73
254
190
s
20
88
12
104
s
88
12
104
20
s
12
104
20
88
s
143
190
234
253
s
e
b rd
230
171
188
231
s
176
177
181
183
162
158
s
170
169
164
162
183
187
s
171
170
187
188
s
158
157
175
176
s
171
188
231
230
s
176
158
157
175
s
e
b fw
271
275
276
272
s
334
335
333
332
s
330
329
273
274
s
364
365
363
362
s
327
271
272
328
s
336
337
335
334
s
278
274
273
277
s
366
367
365
364
s
279
280
276
275
s
338
339
337
336
s
326
325
329
330
s
368
369
367
366
s
283
284
280
279
s
340
341
339
338
s
326
322
321
325
s
370
371
369
368
s
283
287
288
284
s
342
343
341
340
s
322
318
317
321
s
372
373
371
370
s
291
292
288
287
s
344
345
343
342
s
318
314
313
317
s
374
375
373
372
s
291
295
296
292
s
346
347
345
344
s
310
309
313
314
s
376
377
375
374
s
299
300
296
295
s
348
349
347
346
s
306
305
309
310
s
378
379
377
376
s
303
304
300
299
s
350
351
349
348
s
306
302
301
305
s
380
381
379
378
s
307
308
304
303
s
352
353
351
350
s
298
297
301
302
s
382
383
381
380
s
311
312
308
307
s
354
355
353
352
s
294
293
297
298
s
384
385
383
382
s
315
316
312
311
s
356
357
355
354
s
294
290
289
293
s
386
387
385
384
s
315
319
320
316
s
358
359
357
356
s
286
285
289
290
s
388
389
387
386
s
319
323
324
320
s
360
331
359
358
s
286
282
281
285
s
390
361
389
388
s
323
327
328
324
s
332
333
331
360
s
278
277
281
282
s
362
363
361
390
s
325
321
357
359
s
272
276
334
332
s
331
329
325
359
s
328
272
332
360
s
321
317
355
357
s
276
280
336
334
s
317
313
353
355
s
280
284
338
336
s
313
309
351
353
s
284
288
340
338
s
309
305
349
351
s
288
292
342
340
s
305
301
347
349
s
292
296
344
342
s
301
297
345
347
s
296
300
346
344
s
293
343
345
297
s
304
348
346
300
s
289
341
343
293
s
308
350
348
304
s
285
339
341
289
s
312
352
350
308
s
281
337
339
285
s
316
354
352
312
s
277
335
337
281
s
320
356
354
316
s
273
333
335
277
s
324
358
356
320
s
329
331
333
273
s
328
360
358
324
s
365
367
279
275
s
362
390
330
274
s
363
365
275
271
s
278
364
362
274
s
367
369
283
279
s
390
388
326
330
s
369
371
287
283
s
388
386
322
326
s
371
373
291
287
s
386
384
318
322
s
373
375
295
291
s
384
382
314
318
s
375
377
299
295
s
382
380
310
314
s
377
379
303
299
s
380
378
306
310
s
381
307
303
379
s
378
376
302
306
s
383
311
307
381
s
374
298
302
376
s
385
315
311
383
s
372
294
298
374
s
387
319
315
385
s
370
290
294
372
s
389
323
319
387
s
368
286
290
370
s
361
327
323
389
s
366
282
286
368
s
363
271
327
361
s
364
278
282
366
s
423
424
392
391
s
424
425
393
392
s
425
426
394
393
s
426
427
395
394
s
427
428
396
395
s
428
429
397
396
s
429
430
398
397
s
430
431
399
398
s
431
432
400
399
s
432
433
401
400
s
433
434
402
401
s
434
435
403
402
s
435
436
404
403
s
436
437
405
404
s
437
438
406
405
s
438
439
407
406
s
439
440
408
407
s
440
441
409
408
s
441
442
410
409
s
442
443
411
410
s
443
444
412
411
s
444
445
413
412
s
445
446
414
413
s
446
447
415
414
s
447
448
416
415
s
448
449
417
416
s
449
450
418
417
s
450
451
419
418
s
451
452
420
419
s
452
453
421
420
s
453
454
422
421
s
454
423
391
422
s
392
393
394
395
396
397
398
399
400
401
402
403
404
405
406
407
408
409
410
411
412
413
414
415
416
417
418
419
420
421
422
391
s
454
453
452
451
450
449
448
447
446
445
444
443
442
441
440
439
438
437
436
435
434
433
432
431
430
429
428
427
426
425
424
423
s
460
459
455
456
s
517
519
518
516
s
457
513
514
458
s
547
549
548
546
s
456
455
511
512
s
519
521
520
518
s
457
458
462
461
s
549
551
550
548
s
460
464
463
459
s
521
523
522
520
s
513
509
510
514
s
551
553
552
550
s
464
468
467
463
s
523
525
524
522
s
505
506
510
509
s
553
555
554
552
s
472
471
467
468
s
525
527
526
524
s
501
502
506
505
s
555
557
556
554
s
472
476
475
471
s
527
529
528
526
s
497
498
502
501
s
557
559
558
556
s
480
479
475
476
s
529
531
530
528
s
497
493
494
498
s
559
561
560
558
s
480
484
483
479
s
531
533
532
530
s
493
489
490
494
s
561
563
562
560
s
484
488
487
483
s
533
535
534
532
s
485
486
490
489
s
563
565
564
562
s
488
492
491
487
s
535
537
536
534
s
485
481
482
486
s
565
567
566
564
s
492
496
495
491
s
537
539
538
536
s
481
477
478
482
s
567
569
568
566
s
496
500
499
495
s
539
541
540
538
s
473
474
478
477
s
569
571
570
568
s
504
503
499
500
s
541
543
542
540
s
473
469
470
474
s
571
573
572
570
s
508
507
503
504
s
543
515
544
542
s
465
466
470
469
s
573
545
574
572
s
512
511
507
508
s
515
517
516
544
s
465
461
462
466
s
545
547
546
574
s
541
505
509
543
s
518
460
456
516
s
509
513
515
543
s
516
456
512
544
s
539
501
505
541
s
520
464
460
518
s
537
497
501
539
s
522
468
464
520
s
535
493
497
537
s
524
472
468
522
s
533
489
493
535
s
526
476
472
524
s
531
485
489
533
s
528
480
476
526
s
529
481
485
531
s
530
484
480
528
s
529
527
477
481
s
530
532
488
484
s
527
525
473
477
s
532
534
492
488
s
525
523
469
473
s
534
536
496
492
s
523
521
465
469
s
536
538
500
496
s
521
519
461
465
s
538
540
504
500
s
519
517
457
461
s
540
542
508
504
s
517
515
513
457
s
542
544
512
508
s
463
551
549
459
s
514
574
546
458
s
459
549
547
455
s
546
548
462
458
s
467
553
551
463
s
510
572
574
514
s
471
555
553
467
s
506
570
572
510
s
475
557
555
471
s
502
568
570
506
s
479
559
557
475
s
498
566
568
502
s
483
561
559
479
s
494
564
566
498
s
487
563
561
483
s
490
562
564
494
s
487
491
565
563
s
486
560
562
490
s
491
495
567
565
s
486
482
558
560
s
495
499
569
567
s
482
478
556
558
s
499
503
571
569
s
478
474
554
556
s
503
507
573
571
s
474
470
552
554
s
507
511
545
573
s
470
466
550
552
s
511
455
547
545
s
466
462
548
550
s
576
608
607
575
s
577
609
608
576
s
578
610
609
577
s
579
611
610
578
s
580
612
611
579
s
581
613
612
580
s
582
614
613
581
s
583
615
614
582
s
584
616
615
583
s
585
617
616
584
s
586
618
617
585
s
587
619
618
586
s
588
620
619
587
s
589
621
620
588
s
590
622
621
589
s
591
623
622
590
s
592
624
623
591
s
593
625
624
592
s
594
626
625
593
s
595
627
626
594
s
596
628
627
595
s
597
629
628
596
s
598
630
629
597
s
599
631
630
598
s
600
632
631
599
s
601
633
632
600
s
602
634
633
601
s
603
635
634
602
s
604
636
635
603
s
605
637
636
604
s
606
638
637
605
s
575
607
638
606
s
606
605
604
603
602
601
600
599
598
597
596
595
594
593
592
591
590
589
588
587
586
585
584
583
582
581
580
579
578
577
576
575
s
608
609
610
611
612
613
614
615
616
617
618
619
620
621
622
623
624
625
626
627
628
629
630
631
632
633
634
635
636
637
638
607
s
e
b bw
639
643
644
640
s
702
703
701
700
s
698
697
641
642
s
732
733
731
730
s
695
639
640
696
s
704
705
703
702
s
646
642
641
645
s
734
735
733
732
s
647
648
644
643
s
706
707
705
704
s
694
693
697
698
s
736
737
735
734
s
651
652
648
647
s
708
709
707
706
s
694
690
689
693
s
738
739
737
736
s
651
655
656
652
s
710
711
709
708
s
690
686
685
689
s
740
741
739
738
s
659
660
656
655
s
712
713
711
710
s
686
682
681
685
s
742
743
741
740
s
659
663
664
660
s
714
715
713
712
s
678
677
681
682
s
744
745
743
742
s
667
668
664
663
s
716
717
715
714
s
674
673
677
678
s
746
747
745
744
s
671
672
668
667
s
718
719
717
716
s
674
670
669
673
s
748
749
747
746
s
675
676
672
671
s
720
721
719
718
s
666
665
669
670
s
750
751
749
748
s
679
680
676
675
s
722
723
721
720
s
662
661
665
666
s
752
753
751
750
s
683
684
680
679
s
724
725
723
722
s
662
658
657
661
s
754
755
753
752
s
683
687
688
684
s
726
727
725
724
s
654
653
657
658
s
756
757
755
754
s
687
691
692
688
s
728
699
727
726
s
654
650
649
653
s
758
729
757
756
s
691
695
696
692
s
700
701
699
728
s
646
645
649
650
s
730
731
729
758
s
693
689
725
727
s
640
644
702
700
s
699
697
693
727
s
696
640
700
728
s
689
685
723
725
s
644
648
704
702
s
685
681
721
723
s
648
652
706
704
s
681
677
719
721
s
652
656
708
706
s
677
673
717
719
s
656
660
710
708
s
673
669
715
717
s
660
664
712
710
s
669
665
713
715
s
664
668
714
712
s
661
711
713
665
s
672
716
714
668
s
657
709
711
661
s
676
718
716
672
s
653
707
709
657
s
680
720
718
676
s
649
705
707
653
s
684
722
720
680
s
645
703
705
649
s
688
724
722
684
s
641
701
703
645
s
692
726
724
688
s
697
699
701
641
s
696
728
726
692
s
733
735
647
643
s
730
758
698
642
s
731
733
643
639
s
646
732
730
642
s
735
737
651
647
s
758
756
694
698
s
737
739
655
651
s
756
754
690
694
s
739
741
659
655
s
754
752
686
690
s
741
743
663
659
s
752
750
682
686
s
743
745
667
663
s
750
748
678
682
s
745
747
671
667
s
748
746
674
678
s
749
675
671
747
s
746
744
670
674
s
751
679
675
749
s
742
666
670
744
s
753
683
679
751
s
740
662
666
742
s
755
687
683
753
s
738
658
662
740
s
757
691
687
755
s
736
654
658
738
s
729
695
691
757
s
734
650
654
736
s
731
639
695
729
s
732
646
650
734
s
791
792
760
759
s
792
793
761
760
s
793
794
762
761
s
794
795
763
762
s
795
796
764
763
s
796
797
765
764
s
797
798
766
765
s
798
799
767
766
s
799
800
768
767
s
800
801
769
768
s
801
802
770
769
s
802
803
771
770
s
803
804
772
771
s
804
805
773
772
s
805
806
774
773
s
806
807
775
774
s
807
808
776
775
s
808
809
777
776
s
809
810
778
777
s
810
811
779
778
s
811
812
780
779
s
812
813
781
780
s
813
814
782
781
s
814
815
783
782
s
815
816
784
783
s
816
817
785
784
s
817
818
786
785
s
818
819
787
786
s
819
820
788
787
s
820
821
789
788
s
821
822
790
789
s
822
791
759
790
s
760
761
762
763
764
765
766
767
768
769
770
771
772
773
774
775
776
777
778
779
780
781
782
783
784
785
786
787
788
789
790
759
s
822
821
820
819
818
817
816
815
814
813
812
811
810
809
808
807
806
805
804
803
802
801
800
799
798
797
796
795
794
793
792
791
s
828
827
823
824
s
885
887
886
884
s
825
881
882
826
s
915
917
916
914
s
824
823
879
880
s
887
889
888
886
s
825
826
830
829
s
917
919
918
916
s
828
832
831
827
s
889
891
890
888
s
881
877
878
882
s
919
921
920
918
s
832
836
835
831
s
891
893
892
890
s
873
874
878
877
s
921
923
922
920
s
840
839
835
836
s
893
895
894
892
s
869
870
874
873
s
923
925
924
922
s
840
844
843
839
s
895
897
896
894
s
865
866
870
869
s
925
927
926
924
s
848
847
843
844
s
897
899
898
896
s
865
861
862
866
s
927
929
928
926
s
848
852
851
847
s
899
901
900
898
s
861
857
858
862
s
929
931
930
928
s
852
856
855
851
s
901
903
902
900
s
853
854
858
857
s
931
933
932
930
s
856
860
859
855
s
903
905
904
902
s
853
849
850
854
s
933
935
934
932
s
860
864
863
859
s
905
907
906
904
s
849
845
846
850
s
935
937
936
934
s
864
868
867
863
s
907
909
908
906
s
841
842
846
845
s
937
939
938
936
s
872
871
867
868
s
909
911
910
908
s
841
837
838
842
s
939
941
940
938
s
876
875
871
872
s
911
883
912
910
s
833
834
838
837
s
941
913
942
940
s
880
879
875
876
s
883
885
884
912
s
833
829
830
834
s
913
915
914
942
s
909
873
877
911
s
886
828
824
884
s
877
881
883
911
s
884
824
880
912
s
907
869
873
909
s
888
832
828
886
s
905
865
869
907
s
890
836
832
888
s
903
861
865
905
s
892
840
836
890
s
901
857
861
903
s
894
844
840
892
s
899
853
857
901
s
896
848
844
894
s
897
849
853
899
s
898
852
848
896
s
897
895
845
849
s
898
900
856
852
s
895
893
841
845
s
900
902
860
856
s
893
891
837
841
s
902
904
864
860
s
891
889
833
837
s
904
906
868
864
s
889
887
829
833
s
906
908
872
868
s
887
885
825
829
s
908
910
876
872
s
885
883
881
825
s
910
912
880
876
s
831
919
917
827
s
882
942
914
826
s
827
917
915
823
s
914
916
830
826
s
835
921
919
831
s
878
940
942
882
s
839
923
921
835
s
874
938
940
878
s
843
925
923
839
s
870
936
938
874
s
847
927
925
843
s
866
934
936
870
s
851
929
927
847
s
862
932
934
866
s
855
931
929
851
s
858
930
932
862
s
855
859
933
931
s
854
928
930
858
s
859
863
935
933
s
854
850
926
928
s
863
867
937
935
s
850
846
924
926
s
867
871
939
937
s
846
842
922
924
s
871
875
941
939
s
842
838
920
922
s
875
879
913
941
s
838
834
918
920
s
879
823
915
913
s
834
830
916
918
s
944
976
975
943
s
945
977
976
944
s
946
978
977
945
s
947
979
978
946
s
948
980
979
947
s
949
981
980
948
s
950
982
981
949
s
951
983
982
950
s
952
984
983
951
s
953
985
984
952
s
954
986
985
953
s
955
987
986
954
s
956
988
987
955
s
957
989
988
956
s
958
990
989
957
s
959
991
990
958
s
960
992
991
959
s
961
993
992
960
s
962
994
993
961
s
963
995
994
962
s
964
996
995
963
s
965
997
996
964
s
966
998
997
965
s
967
999
998
966
s
968
1000
999
967
s
969
1001
1000
968
s
970
1002
1001
969
s
971
1003
1002
970
s
972
1004
1003
971
s
973
1005
1004
972
s
974
1006
1005
973
s
943
975
1006
974
s
974
973
972
971
970
969
968
967
966
965
964
963
962
961
960
959
958
957
956
955
954
953
952
951
950
949
948
947
946
945
944
943
s
976
977
978
979
980
981
982
983
984
985
986
987
988
989
990
991
992
993
994
995
996
997
998
999
1000
1001
1002
1003
1004
1005
1006
975
s
e
